Date,Symbol,Series,Prev Close,Open,High,Low,Last,Close,VWAP,Volume,Turnover,Trades,Deliverable Volume,%Deliverble
2019-07-10,LT,EQ,1526.6,1523.8,1529.6,1482.7,1498.8,1499.55,1504.48,2823544,424797300210000.0,125027,1267849,0.449
2019-07-11,LT,EQ,1499.55,1512.0,1512.95,1490.1,1494.0,1495.2,1499.79,2156264,323394248010000.0,76311,1064325,0.4936
2019-07-12,LT,EQ,1495.2,1499.0,1499.0,1462.0,1468.0,1466.85,1473.3,3495971,515062934520000.0,148234,2037543,0.5828
2019-07-15,LT,EQ,1466.85,1471.0,1473.95,1431.9,1440.0,1440.6,1444.21,3950399,570522448120000.0,159757,2495403,0.6317
2019-07-16,LT,EQ,1440.6,1442.0,1464.0,1426.9,1460.45,1461.2,1448.35,3654380,529282658585000.06,191186,2207839,0.6042000000000001
2019-07-17,LT,EQ,1461.2,1461.0,1470.55,1452.0,1455.55,1455.45,1461.81,2225647,325346299605000.0,82330,1361633,0.6118
2019-07-18,LT,EQ,1455.45,1444.8,1454.95,1432.0,1433.0,1435.2,1442.4,2342881,337937801920000.0,145136,1447120,0.6177
2019-07-19,LT,EQ,1435.2,1446.4,1446.8,1402.1,1414.45,1411.55,1416.13,3199700,453118127625000.0,145535,1919169,0.5998
2019-07-22,LT,EQ,1411.55,1409.6,1419.0,1394.0,1401.65,1403.7,1405.36,2646126,371877006810000.0,127528,1354791,0.512
2019-07-23,LT,EQ,1403.7,1414.8,1414.8,1386.2,1400.0,1409.5,1402.72,4013444,562973273375000.0,153302,2319334,0.5779
2019-07-24,LT,EQ,1409.5,1410.25,1420.2,1376.15,1387.4,1387.35,1391.97,5434450,756459945270000.0,151336,2355672,0.4335
2019-07-25,LT,EQ,1387.35,1395.1,1402.9,1369.0,1375.0,1372.4,1378.84,4181824,576604861520000.0,139735,2560264,0.6122
2019-07-26,LT,EQ,1372.4,1370.9,1397.25,1363.1,1393.0,1392.15,1386.78,3019850,418785494990000.0,89747,1684709,0.5579
2019-07-29,LT,EQ,1392.15,1393.45,1398.0,1360.5,1370.75,1371.5,1374.15,1987927,273170716130000.03,76381,859910,0.4326
2019-07-30,LT,EQ,1371.5,1376.0,1393.15,1372.3,1376.1,1376.35,1383.6,2714475,375575445330000.0,109159,1676204,0.6175
2019-07-31,LT,EQ,1376.35,1371.65,1397.95,1367.1,1389.0,1387.3,1384.51,2693653,372940229780000.0,96909,1181433,0.4386
2019-08-01,LT,EQ,1387.3,1380.0,1386.0,1339.0,1359.0,1358.05,1359.73,2774996,377324523825000.0,172753,1418256,0.5111
2019-08-02,LT,EQ,1358.05,1352.6,1376.9,1340.0,1367.0,1370.25,1358.1,2776965,377140560225000.0,115351,1110024,0.3997
2019-08-05,LT,EQ,1370.25,1355.0,1358.8,1325.0,1345.3,1345.8,1340.32,2287548,306605096195000.0,118133,995915,0.4354
2019-08-06,LT,EQ,1345.8,1342.7,1399.4,1340.05,1372.9,1377.5,1378.07,4152548,572248269330000.0,148144,1631217,0.39280000000000004
2019-08-07,LT,EQ,1377.5,1380.0,1389.9,1352.85,1357.0,1360.05,1370.2,2247223,307914235105000.0,81322,1095798,0.4876
2019-08-08,LT,EQ,1360.05,1370.0,1372.0,1340.1,1365.55,1360.65,1353.35,2788577,377390823800000.0,94540,1455100,0.5218
2019-08-09,LT,EQ,1360.65,1372.0,1392.5,1361.1,1364.6,1364.6,1378.39,2419380,333485771010000.0,72516,942492,0.3896
2019-08-13,LT,EQ,1364.6,1370.0,1370.0,1307.0,1316.5,1313.25,1330.68,3135817,417275972355000.0,150122,1747618,0.5573
2019-08-14,LT,EQ,1313.25,1320.0,1340.95,1316.0,1333.55,1333.7,1331.4,2798429,372582557515000.0,87796,1662745,0.5942000000000001
2019-08-16,LT,EQ,1333.7,1335.0,1339.9,1320.5,1335.0,1335.25,1334.19,2654524,354164403120000.0,92926,1484142,0.5590999999999999
2019-08-19,LT,EQ,1335.25,1339.0,1360.95,1339.0,1350.5,1352.2,1355.39,2509331,340113288270000.0,107022,1345265,0.5361
2019-08-20,LT,EQ,1352.2,1352.95,1355.55,1334.0,1341.55,1342.5,1341.31,2145169,287734431885000.0,66811,997594,0.465
2019-08-21,LT,EQ,1342.5,1341.2,1341.9,1302.55,1311.05,1310.65,1316.43,2361165,310830980655000.0,109258,1156259,0.4897
2019-08-22,LT,EQ,1310.65,1302.0,1327.45,1283.15,1290.05,1294.25,1299.12,3780476,491129187555000.0,124722,1949482,0.5157
2019-08-23,LT,EQ,1294.25,1290.0,1297.45,1274.0,1290.0,1286.5,1286.94,5252370,675946728970000.0,145346,2972943,0.5660000000000001
2019-08-26,LT,EQ,1286.5,1310.0,1343.2,1276.55,1337.5,1333.65,1318.78,3759248,495761861289999.94,129809,1613920,0.4293
2019-08-27,LT,EQ,1333.65,1344.85,1379.95,1343.65,1359.0,1356.95,1363.08,5431422,740348709575000.0,196040,3228796,0.5945
2019-08-28,LT,EQ,1356.95,1362.1,1370.0,1336.1,1347.5,1344.65,1349.9,2272465,306760116860000.0,73067,1156367,0.5089
2019-08-29,LT,EQ,1344.65,1339.9,1355.0,1332.25,1344.0,1342.45,1342.56,2421312,325075261465000.0,78838,998383,0.4123
2019-08-30,LT,EQ,1342.45,1344.95,1356.9,1302.9,1327.75,1328.25,1324.64,3715119,492118038730000.0,138035,1503721,0.4048
2019-09-03,LT,EQ,1328.25,1327.0,1327.0,1290.0,1290.9,1294.4,1304.09,3617815,471793860855000.0,110805,1739005,0.4807
2019-09-04,LT,EQ,1294.4,1296.0,1314.3,1292.4,1305.1,1308.05,1303.84,2786181,363273143365000.0,93160,1254956,0.4504
2019-09-05,LT,EQ,1308.05,1312.85,1338.0,1308.65,1319.85,1320.3,1320.88,2758679,364388250200000.0,126481,1122177,0.4068
2019-09-06,LT,EQ,1320.3,1328.45,1334.0,1320.35,1326.85,1328.65,1328.32,1694661,225105001685000.0,59117,901453,0.5319
2019-09-09,LT,EQ,1328.65,1330.0,1361.8,1323.05,1360.5,1357.0,1351.26,3508361,474071926930000.0,100682,1830043,0.5216
2019-09-11,LT,EQ,1357.0,1364.0,1383.8,1356.0,1366.0,1363.65,1370.77,2545642,348949274050000.0,102197,1328345,0.5218
2019-09-12,LT,EQ,1363.65,1370.1,1379.75,1355.35,1362.4,1362.4,1364.6,2249695,306993394400000.0,67757,1183713,0.5262
2019-09-13,LT,EQ,1362.4,1362.0,1366.95,1344.1,1363.35,1363.45,1356.22,1771658,240276534219999.97,61446,687958,0.3883
2019-09-16,LT,EQ,1363.45,1354.0,1356.95,1338.6,1342.3,1343.6,1346.95,1835805,247272854930000.03,76887,895202,0.4876
2019-09-17,LT,EQ,1343.6,1344.0,1345.0,1310.2,1315.0,1313.7,1321.99,2210178,292183974565000.0,95807,1008694,0.45640000000000003
2019-09-18,LT,EQ,1313.7,1320.1,1328.4,1313.3,1321.0,1318.0,1319.99,2081625,274772826010000.0,66008,1171387,0.5627000000000001
2019-09-19,LT,EQ,1318.0,1320.0,1320.2,1298.0,1299.5,1300.7,1302.85,1808736,235651712715000.0,80235,901066,0.49820000000000003
2019-09-20,LT,EQ,1300.7,1305.0,1416.45,1289.1,1412.15,1411.5,1376.6,9975807,1373266971145000.0,300785,6038682,0.6053000000000001
2019-09-23,LT,EQ,1411.5,1452.0,1551.0,1451.0,1540.45,1528.5,1526.3,12082820,1844204217040000.2,420826,7792211,0.6448999999999999
2019-09-24,LT,EQ,1528.5,1524.0,1524.0,1475.55,1482.05,1481.3,1492.87,3831602,572010045650000.0,197019,2103004,0.5489
2019-09-25,LT,EQ,1481.3,1480.9,1481.7,1446.65,1450.55,1450.1,1461.93,2746428,401507960850000.0,151908,1611868,0.5869
2019-09-26,LT,EQ,1450.1,1456.3,1495.0,1456.3,1488.05,1489.85,1481.03,3560962,527389197405000.0,114710,2038551,0.5725
2019-09-27,LT,EQ,1489.85,1484.05,1491.7,1462.0,1471.9,1472.65,1472.68,2167976,319274017410000.0,103718,1178696,0.5437
2019-09-30,LT,EQ,1472.65,1473.0,1484.0,1448.2,1479.0,1474.25,1467.43,2961398,434563520814999.94,106304,1787678,0.6037
2019-10-01,LT,EQ,1474.25,1480.0,1496.45,1439.15,1467.0,1464.05,1466.82,2578275,378186722940000.0,95145,1277929,0.49570000000000003
2019-10-03,LT,EQ,1464.05,1445.45,1475.5,1422.25,1459.9,1458.05,1452.04,1966976,285612048640000.0,80338,693501,0.35259999999999997
2019-10-04,LT,EQ,1458.05,1463.8,1474.0,1420.1,1427.0,1424.9,1444.82,3266487,471949708705000.0,136460,1220502,0.3736
2019-10-07,LT,EQ,1424.9,1420.0,1429.0,1381.05,1399.4,1397.85,1408.41,2192329,308769857295000.0,74295,613599,0.2799
2019-10-09,LT,EQ,1397.85,1401.0,1433.4,1399.1,1428.0,1426.25,1420.66,1818865,258398885694999.97,72729,753092,0.414
2019-10-10,LT,EQ,1426.25,1423.0,1432.0,1407.05,1426.0,1425.1,1420.68,1626821,231118521105000.03,79999,711352,0.43729999999999997
2019-10-11,LT,EQ,1425.1,1431.0,1450.0,1420.2,1426.05,1427.7,1432.81,2024214,290032133370000.0,58335,715872,0.35369999999999996
2019-10-14,LT,EQ,1427.7,1435.0,1439.9,1418.35,1418.35,1423.95,1428.92,2220364,317273082625000.0,52144,905967,0.408
2019-10-15,LT,EQ,1423.95,1429.1,1444.8,1420.65,1434.45,1432.25,1433.86,1797471,257732404850000.0,44576,641624,0.35700000000000004
2019-10-16,LT,EQ,1432.25,1440.0,1441.8,1416.25,1422.0,1424.2,1425.02,2446615,348648707680000.0,98414,1498309,0.6124
2019-10-17,LT,EQ,1424.2,1428.0,1438.6,1420.2,1425.0,1424.35,1426.22,2304434,328662295100000.0,89322,1329386,0.5769
2019-10-18,LT,EQ,1424.35,1428.0,1457.0,1425.4,1452.0,1447.8,1447.17,3516394,508882802135000.06,126937,1766826,0.5025000000000001
2019-10-22,LT,EQ,1447.8,1448.5,1467.8,1439.15,1441.6,1442.55,1455.17,2858390,415944878925000.0,107914,1693070,0.5922999999999999
2019-10-23,LT,EQ,1442.55,1445.0,1448.9,1418.6,1431.4,1431.8,1431.4,2410781,345078471620000.0,91315,1132360,0.4697
2019-10-24,LT,EQ,1431.8,1460.0,1467.0,1426.35,1433.7,1432.25,1443.19,3646005,526189004380000.0,133796,1353454,0.3712
2019-10-25,LT,EQ,1432.25,1439.95,1441.7,1420.1,1424.0,1425.0,1430.18,2013793,288009400140000.0,75402,902480,0.44810000000000005
2019-10-27,LT,EQ,1425.0,1436.7,1438.95,1428.85,1435.45,1434.4,1433.97,398268,57110240920000.01,19137,232716,0.5843
2019-10-29,LT,EQ,1434.4,1435.5,1464.8,1431.0,1462.9,1461.1,1454.29,3351491,487404868475000.0,105684,1858772,0.5546
2019-10-30,LT,EQ,1461.1,1469.95,1491.95,1465.0,1475.0,1474.25,1478.55,3722066,550327274489999.94,132674,2181290,0.5860000000000001
2019-10-31,LT,EQ,1474.25,1481.0,1486.5,1467.25,1474.0,1473.05,1475.7,2210277,326170561580000.0,65832,1197344,0.5417000000000001
2019-11-01,LT,EQ,1473.05,1476.7,1481.05,1445.0,1449.4,1449.4,1462.44,2287220,334491092265000.0,81909,1306102,0.5710000000000001
2019-11-04,LT,EQ,1449.4,1457.8,1468.0,1450.0,1453.2,1452.2,1457.76,1459894,212817918005000.0,70641,689299,0.4722
2019-11-05,LT,EQ,1452.2,1455.0,1459.6,1432.0,1441.15,1439.8,1442.92,2401916,346577322905000.0,99001,1422957,0.5924
2019-11-06,LT,EQ,1439.8,1440.0,1466.95,1437.75,1452.65,1453.05,1453.61,2434431,353870685975000.0,71922,1184842,0.4867
2019-11-07,LT,EQ,1453.05,1459.95,1459.95,1431.0,1437.2,1435.05,1438.23,1999085,287514711420000.0,86474,1036777,0.5186
2019-11-08,LT,EQ,1435.05,1429.95,1448.0,1420.0,1423.65,1423.0,1432.27,2217408,317591836750000.0,69352,735893,0.3319
2019-11-11,LT,EQ,1423.0,1419.2,1430.75,1408.05,1418.45,1417.0,1416.16,2097492,297038809105000.0,70684,1010981,0.48200000000000004
2019-11-13,LT,EQ,1417.0,1418.45,1419.85,1389.05,1393.8,1393.0,1399.29,2929404,409908889920000.0,149683,1904955,0.6503
2019-11-14,LT,EQ,1393.0,1397.0,1405.95,1376.95,1385.0,1380.45,1388.35,3000518,416577948145000.0,99948,1466881,0.4889
2019-11-15,LT,EQ,1380.45,1383.6,1392.7,1366.2,1376.0,1377.65,1377.89,3409434,469782473150000.0,101049,1804748,0.5293
2019-11-18,LT,EQ,1377.65,1388.0,1393.8,1361.25,1363.35,1364.5,1375.17,2733161,375855040500000.0,81041,1332133,0.48740000000000006
2019-11-19,LT,EQ,1364.5,1364.5,1378.2,1361.5,1369.5,1365.75,1368.8,2396206,327991622600000.0,98363,1330120,0.5551
2019-11-20,LT,EQ,1365.75,1372.0,1393.35,1365.35,1381.1,1380.8,1382.17,3914075,540992522570000.0,108835,2112790,0.5398
2019-11-21,LT,EQ,1380.8,1405.0,1417.9,1385.0,1392.5,1392.7,1403.47,5719318,802686826205000.0,158740,2021504,0.35350000000000004
2019-11-22,LT,EQ,1392.7,1393.75,1398.95,1371.0,1377.8,1378.65,1379.85,2363205,326086852010000.0,77441,1157295,0.4897
2019-11-25,LT,EQ,1378.65,1378.5,1389.0,1371.1,1384.4,1380.85,1380.96,2956576,408291598755000.0,101997,1668153,0.5642
2019-11-26,LT,EQ,1380.85,1379.35,1380.0,1359.55,1364.0,1363.0,1367.67,4853977,663862784100000.0,166887,3310521,0.682
2019-11-27,LT,EQ,1363.0,1365.0,1370.0,1314.15,1339.1,1335.5,1333.73,7904745,1054278661750000.0,274871,4525989,0.5726
2019-11-28,LT,EQ,1335.5,1344.0,1354.0,1327.2,1350.2,1349.9,1341.78,4503913,604324329155000.0,186269,2372853,0.5268
2019-11-29,LT,EQ,1349.9,1350.0,1350.2,1328.0,1331.45,1330.55,1334.26,2515083,335576516675000.0,122481,1550505,0.6165
2019-12-02,LT,EQ,1330.55,1330.55,1342.9,1320.35,1333.0,1333.35,1333.03,3044008,405775459720000.0,85494,1639860,0.5387
2019-12-03,LT,EQ,1333.35,1333.45,1333.45,1310.0,1313.4,1313.2,1318.19,3068849,404533627945000.0,99173,1862320,0.6068
2019-12-04,LT,EQ,1313.2,1310.0,1312.0,1282.15,1283.5,1285.1,1291.56,10230371,1321312919670000.0,236200,7095660,0.6936
2019-12-05,LT,EQ,1285.1,1294.0,1313.0,1285.15,1301.1,1302.2,1297.83,6644324,862323620090000.0,192936,3815311,0.5742
2019-12-06,LT,EQ,1302.2,1308.85,1309.0,1283.1,1287.85,1290.8,1293.09,3302384,427028819085000.0,102897,1693071,0.5127
2019-12-09,LT,EQ,1290.8,1294.0,1298.9,1271.8,1274.0,1276.0,1284.38,3038475,390256037525000.0,129369,1745087,0.5743
2019-12-10,LT,EQ,1276.0,1277.0,1284.0,1267.15,1276.85,1279.0,1276.63,2759100,352233894870000.0,148793,1358657,0.4924
2019-12-11,LT,EQ,1279.0,1282.95,1288.75,1255.0,1267.6,1264.3,1265.82,3949135,499889660475000.0,150821,1916996,0.4854
2019-12-12,LT,EQ,1264.3,1270.0,1282.85,1268.2,1282.1,1279.7,1277.16,3264836,416972255870000.0,138960,1962182,0.601
2019-12-13,LT,EQ,1279.7,1287.95,1308.0,1285.3,1306.0,1305.3,1298.08,3655956,474573969180000.0,111700,1548711,0.4236
2019-12-16,LT,EQ,1305.3,1314.45,1318.0,1300.0,1302.9,1303.0,1309.16,3969819,519712352185000.06,147324,1940540,0.4888
2019-12-17,LT,EQ,1303.0,1309.2,1325.0,1303.8,1318.0,1317.95,1315.75,3719446,489386530085000.06,116813,1512801,0.4067
2019-12-18,LT,EQ,1317.95,1324.75,1325.95,1314.6,1318.25,1319.35,1318.95,2961222,390571389465000.0,95865,1520780,0.5136000000000001
2019-12-19,LT,EQ,1319.35,1316.75,1321.0,1307.1,1311.9,1311.75,1314.3,1936623,254531044355000.03,82031,899354,0.4644
2019-12-20,LT,EQ,1311.75,1313.0,1327.9,1307.3,1310.75,1311.55,1318.45,3297390,434744593795000.0,104752,1737886,0.527
2019-12-23,LT,EQ,1311.55,1307.9,1322.0,1305.0,1312.0,1311.25,1313.5,3394916,445921976214999.94,70397,2193019,0.6459999999999999
2019-12-24,LT,EQ,1311.25,1314.65,1319.0,1298.0,1299.0,1301.0,1308.67,1803814,236059397735000.0,59700,836679,0.46380000000000005
2019-12-26,LT,EQ,1301.0,1299.65,1306.7,1277.0,1279.3,1279.3,1287.17,3723801,479316277680000.0,143657,1984193,0.5328
2019-12-27,LT,EQ,1279.3,1281.55,1301.85,1280.15,1299.8,1299.6,1294.41,2459664,318382596210000.0,79640,1036895,0.4216
2019-12-30,LT,EQ,1299.6,1301.9,1307.2,1296.5,1303.4,1302.3,1301.65,2072838,269810052010000.0,75075,1236189,0.5964
2019-12-31,LT,EQ,1302.3,1300.0,1310.0,1291.15,1305.0,1298.2,1299.58,3043254,395494101845000.0,87999,1766529,0.5805
2020-01-01,LT,EQ,1298.2,1308.4,1318.9,1303.0,1310.15,1309.95,1310.91,3123998,409528579200000.0,73190,931657,0.2982
2020-01-02,LT,EQ,1309.95,1312.0,1348.0,1311.0,1344.9,1345.3,1334.29,4335359,578460567980000.0,135378,2189407,0.505
2020-01-03,LT,EQ,1345.3,1344.95,1344.95,1330.15,1335.0,1335.05,1335.87,2059871,275172834635000.0,77644,996530,0.48380000000000006
2020-01-06,LT,EQ,1335.05,1331.0,1332.0,1314.1,1315.5,1316.75,1320.73,2646905,349583537075000.0,118803,1392864,0.5262
2020-01-07,LT,EQ,1316.75,1328.0,1339.5,1313.75,1321.15,1320.5,1325.68,2077893,275462747894999.97,70374,845249,0.4068
2020-01-08,LT,EQ,1320.5,1302.0,1308.7,1283.35,1291.5,1291.55,1294.04,4147568,536711466525000.0,145613,1879175,0.45310000000000006
2020-01-09,LT,EQ,1291.55,1311.0,1319.9,1305.1,1316.1,1316.15,1314.28,2067779,271763375215000.0,98843,979208,0.4736
2020-01-10,LT,EQ,1316.15,1319.0,1335.95,1319.0,1323.85,1324.6,1327.14,2360798,313311638545000.0,93096,1104894,0.46799999999999997
2020-01-13,LT,EQ,1324.6,1329.0,1339.4,1328.7,1334.5,1334.7,1335.0,1825244,243670510555000.03,62542,1037004,0.5681
2020-01-14,LT,EQ,1334.7,1329.8,1331.0,1315.1,1326.0,1326.1,1323.19,2046500,270791296110000.0,103923,993250,0.4853
2020-01-15,LT,EQ,1326.1,1325.6,1336.15,1320.0,1323.5,1323.6,1326.8,2127677,282299605820000.0,67695,1097069,0.5156000000000001
2020-01-16,LT,EQ,1323.6,1327.7,1332.9,1317.4,1319.0,1319.3,1324.35,1773135,234824975144999.97,76644,1032840,0.5825
2020-01-17,LT,EQ,1319.3,1320.6,1325.95,1302.0,1304.0,1304.2,1311.6,2941837,385852273370000.0,158742,1709372,0.5811000000000001
2020-01-20,LT,EQ,1304.2,1313.95,1319.9,1306.5,1311.1,1309.6,1312.97,2542477,333819423320000.0,112596,1476266,0.5806
2020-01-21,LT,EQ,1309.6,1304.75,1313.9,1300.45,1302.1,1302.35,1306.33,1361576,177866578005000.0,74036,642210,0.4717
2020-01-22,LT,EQ,1302.35,1311.0,1312.0,1292.0,1294.9,1294.2,1300.14,2449753,318501700935000.0,95993,1200261,0.49
2020-01-23,LT,EQ,1294.2,1307.0,1339.85,1306.0,1330.45,1332.3,1329.21,10056067,1336661446630000.0,219420,5967017,0.5934
2020-01-24,LT,EQ,1332.3,1332.0,1367.85,1332.0,1352.0,1359.2,1353.21,5837319,789913490710000.0,146118,3094867,0.5302
2020-01-27,LT,EQ,1359.2,1340.0,1364.9,1340.0,1347.0,1348.6,1354.47,2510013,339973489550000.0,71639,1102572,0.4393
2020-01-28,LT,EQ,1348.6,1350.9,1355.0,1338.0,1345.0,1346.65,1344.91,2352852,316436679895000.0,118120,1338450,0.5689000000000001
2020-01-29,LT,EQ,1346.65,1353.1,1374.95,1352.1,1365.05,1365.7,1366.37,3678474,502614321585000.06,108090,1738488,0.47259999999999996
2020-01-30,LT,EQ,1365.7,1365.95,1376.8,1353.0,1365.0,1370.2,1364.75,2743506,374419266065000.0,76783,1428482,0.5207
2020-01-31,LT,EQ,1370.2,1375.95,1377.0,1360.45,1370.0,1369.3,1370.07,3939306,539713173955000.0,127379,2034216,0.5164
2020-02-01,LT,EQ,1369.3,1372.6,1383.7,1280.0,1286.6,1287.4,1329.24,8300700,1103360206660000.0,292918,3308024,0.3985
2020-02-03,LT,EQ,1287.4,1290.0,1303.9,1272.0,1287.05,1286.65,1286.44,5767353,741933401975000.0,248556,3051281,0.5291
2020-02-04,LT,EQ,1286.65,1296.0,1307.3,1287.55,1293.0,1291.75,1297.18,3604309,467544439339999.94,117966,2029053,0.563
2020-02-05,LT,EQ,1291.75,1297.9,1325.0,1295.0,1311.0,1310.05,1312.9,4220104,554059047770000.0,111767,1998826,0.4736
2020-02-06,LT,EQ,1310.05,1322.9,1325.0,1309.05,1317.0,1317.6,1317.41,2354458,310177712725000.0,85894,1201476,0.5103
2020-02-07,LT,EQ,1317.6,1313.05,1314.4,1296.0,1298.5,1299.0,1301.73,3053804,397523537335000.0,89067,1798671,0.589
2020-02-10,LT,EQ,1299.0,1300.0,1302.45,1273.1,1283.0,1285.3,1283.99,3039992,390332682565000.0,120243,1489679,0.49
2020-02-11,LT,EQ,1285.3,1292.0,1298.95,1284.0,1286.25,1286.9,1291.89,2200796,284318193860000.0,114602,1193438,0.5423
2020-02-12,LT,EQ,1286.9,1289.1,1299.85,1280.0,1299.0,1297.3,1290.13,2568696,331395665235000.0,127830,1455688,0.5667
2020-02-13,LT,EQ,1297.3,1299.0,1299.85,1285.0,1291.0,1292.25,1290.74,1545536,199489012550000.0,79219,862882,0.5583
2020-02-14,LT,EQ,1292.25,1295.0,1304.95,1290.6,1293.2,1295.15,1297.12,1780119,230902949215000.0,79043,993513,0.5581
2020-02-17,LT,EQ,1295.15,1297.0,1297.85,1277.0,1281.5,1280.2,1285.41,2155085,277015957860000.0,70230,1360987,0.6315
2020-02-18,LT,EQ,1280.2,1281.5,1289.8,1266.45,1288.0,1286.35,1276.29,2347917,299663086805000.0,96379,1291867,0.5502
2020-02-19,LT,EQ,1286.35,1298.0,1299.0,1276.6,1281.5,1281.4,1282.49,1820353,233458693480000.03,77257,972869,0.5344
2020-02-20,LT,EQ,1281.4,1279.9,1288.9,1275.3,1282.0,1280.6,1281.55,3034681,388910781490000.0,131459,2076571,0.6843000000000001
2020-02-24,LT,EQ,1280.6,1271.9,1271.9,1252.65,1259.9,1259.7,1261.31,3414064,430620266670000.0,165366,2172243,0.6363000000000001
2020-02-25,LT,EQ,1259.7,1262.2,1265.65,1240.15,1241.85,1242.05,1247.67,3133077,390904712235000.0,131233,1962169,0.6263000000000001
2020-02-26,LT,EQ,1242.05,1235.0,1238.0,1206.0,1214.9,1211.15,1219.79,5721483,697902756855000.0,161455,3952254,0.6908
2020-02-27,LT,EQ,1211.15,1212.35,1216.95,1200.0,1208.7,1210.35,1207.28,4003149,483290653180000.0,141145,2264297,0.5656
2020-02-28,LT,EQ,1210.35,1189.65,1196.45,1162.0,1191.1,1187.55,1178.9,6286647,741130288580000.0,218919,4148466,0.6598999999999999
2020-03-02,LT,EQ,1187.55,1205.0,1212.35,1150.55,1153.9,1160.9,1183.81,3177486,376153194655000.0,109785,1547760,0.48710000000000003
2020-03-03,LT,EQ,1160.9,1166.0,1186.8,1162.05,1183.15,1181.3,1174.87,3134527,368267362160000.0,91823,1673501,0.5339
2020-03-04,LT,EQ,1181.3,1185.0,1187.85,1158.0,1175.9,1176.65,1175.29,3135151,368471047275000.0,115524,1837566,0.5861
2020-03-05,LT,EQ,1176.65,1180.1,1187.25,1166.2,1180.5,1182.45,1179.1,2625152,309531767390000.0,99673,1410938,0.5375
2020-03-06,LT,EQ,1182.45,1148.0,1164.0,1130.85,1154.85,1158.9,1145.21,3956575,453110710660000.06,146183,2425123,0.6129
2020-03-09,LT,EQ,1158.9,1135.8,1135.8,1067.3,1101.0,1101.95,1094.26,8038432,879614695345000.1,244516,4877266,0.6067
2020-03-11,LT,EQ,1101.95,1090.0,1120.95,1085.8,1119.0,1116.95,1110.74,5628178,625146344865000.0,212206,3757080,0.6675
2020-03-12,LT,EQ,1116.95,1070.0,1070.05,1004.1,1020.0,1016.55,1032.32,9200492,949788336020000.1,294935,5761704,0.6262
2020-03-13,LT,EQ,1016.55,950.0,1060.45,890.0,1060.0,1051.45,1001.53,8117968,813037417260000.0,300693,3967242,0.48869999999999997
2020-03-16,LT,EQ,1051.45,1014.25,1042.0,961.9,968.0,968.7,998.65,6672579,666353812585000.0,316173,3789060,0.5679
2020-03-17,LT,EQ,968.7,972.0,1005.0,940.15,953.0,956.75,974.73,4720357,460105498064999.94,186154,2475763,0.5245000000000001
2020-03-18,LT,EQ,956.75,968.0,974.75,900.0,912.0,904.55,931.06,5586629,520149453880000.0,211669,3115116,0.5576
2020-03-19,LT,EQ,904.55,873.9,884.0,837.7,839.0,843.1,859.14,7252149,623061255585000.0,311401,3830277,0.5282
2020-03-20,LT,EQ,843.1,849.0,877.8,831.3,852.0,864.7,854.1,6130498,523603598580000.0,222198,2980313,0.48610000000000003
2020-03-23,LT,EQ,864.7,809.0,809.95,706.0,721.0,724.05,745.22,7310033,544757809030000.0,290747,4889398,0.6689
2020-03-24,LT,EQ,724.05,755.0,755.75,672.0,710.0,707.9,707.2,7113438,503065670530000.0,263108,3727858,0.5241
2020-03-25,LT,EQ,707.9,697.2,775.0,661.0,769.0,765.75,698.45,16122626,1126078875170000.0,321286,10165613,0.6305
2020-03-26,LT,EQ,765.75,787.75,842.3,754.15,842.3,838.0,807.95,9028697,729477674875000.0,243919,4654113,0.5155
2020-03-27,LT,EQ,838.0,867.9,890.0,812.0,841.0,837.05,845.61,6573602,555869274730000.0,202101,2693934,0.4098
2020-03-30,LT,EQ,837.05,801.0,815.0,791.0,799.0,798.65,802.54,4474168,359070299640000.0,176856,2250537,0.503
2020-03-31,LT,EQ,798.65,820.0,823.0,791.2,810.1,808.5,806.85,8045539,649157237300000.0,160157,5662636,0.7038
2020-04-01,LT,EQ,808.5,806.85,812.4,766.55,775.55,774.35,782.06,4104461,320993113915000.0,207097,2067320,0.5037
2020-04-03,LT,EQ,774.35,791.1,791.1,762.8,783.0,774.65,773.33,4268501,330097478015000.0,186484,1745998,0.409
2020-04-07,LT,EQ,774.65,805.0,813.0,791.0,802.2,801.65,804.35,5769216,464045710750000.0,189036,2751838,0.47700000000000004
2020-04-08,LT,EQ,801.65,804.0,832.0,797.7,808.0,807.1,813.47,6151093,500375311895000.0,166115,2611764,0.42460000000000003
2020-04-09,LT,EQ,807.1,834.35,834.35,804.4,805.0,812.8,816.43,6410629,523384914220000.0,185106,3814452,0.595
2020-04-13,LT,EQ,812.8,812.8,872.4,807.95,864.4,865.45,847.08,9462929,801589740195000.0,264873,3521101,0.37210000000000004
2020-04-15,LT,EQ,865.45,890.95,926.6,869.0,876.9,880.15,902.16,10435586,941461974050000.0,295558,5100145,0.48869999999999997
2020-04-16,LT,EQ,880.15,875.95,919.8,870.15,909.0,911.65,908.8,6980628,634402033645000.0,206450,2765035,0.3961
2020-04-17,LT,EQ,911.65,930.0,940.0,916.0,935.0,932.9,927.6,5827735,540580156370000.0,185080,2256092,0.3871
2020-04-20,LT,EQ,932.9,940.8,943.0,911.0,918.0,915.6,928.59,4958437,460435291675000.0,158851,2198854,0.4435
2020-04-21,LT,EQ,915.6,897.0,906.6,863.0,875.0,870.35,882.81,5122597,452227275480000.0,164745,2249946,0.43920000000000003
2020-04-22,LT,EQ,870.35,873.0,885.5,850.0,855.5,852.6,866.49,6090177,527710209350000.0,235279,2298752,0.3775
2020-04-23,LT,EQ,852.6,860.0,869.5,835.0,843.35,840.6,853.02,6322048,539285886375000.0,227895,2671362,0.4225
2020-04-24,LT,EQ,840.6,838.0,869.0,834.15,851.0,851.2,855.24,7960660,680824962305000.0,220618,2156040,0.2708
2020-04-27,LT,EQ,851.2,861.95,874.9,852.25,857.0,855.25,863.75,4224467,364890106600000.0,142648,1620694,0.3836
2020-04-28,LT,EQ,855.25,863.8,867.7,852.1,856.7,857.15,859.19,3773038,324176342775000.0,108569,1582742,0.41950000000000004
2020-04-29,LT,EQ,857.15,862.0,883.05,854.0,871.45,875.35,869.91,4841417,421160582285000.0,152437,1824481,0.3768
2020-04-30,LT,EQ,875.35,890.2,916.8,884.1,897.95,897.55,902.78,6333023,571730026045000.0,162674,2314871,0.3655
2020-05-04,LT,EQ,897.55,880.0,880.0,845.0,852.0,850.65,853.65,4678679,399397519935000.0,188413,2286723,0.4888
2020-05-05,LT,EQ,850.65,861.0,869.8,835.0,840.0,836.9,850.68,4296534,365496128200000.0,119699,1482602,0.34509999999999996
2020-05-06,LT,EQ,836.9,838.0,848.0,817.6,839.0,837.3,834.11,5081614,423861224770000.0,160333,1251670,0.2463
2020-05-07,LT,EQ,837.3,833.0,836.05,820.1,825.4,822.85,827.29,3529156,291962612030000.0,138162,1516256,0.42960000000000004
2020-05-08,LT,EQ,822.85,833.0,834.85,810.0,816.5,815.95,820.16,4394534,360421811095000.0,145863,1470673,0.3347
2020-05-11,LT,EQ,815.95,821.2,827.5,816.35,822.0,821.6,821.97,2882960,236970477835000.0,133688,1202149,0.41700000000000004
2020-05-12,LT,EQ,821.6,817.0,819.25,804.0,816.0,814.8,810.07,3024386,244997848785000.0,112515,1129539,0.3735
2020-05-13,LT,EQ,814.8,863.7,871.95,850.5,866.0,862.9,862.19,8625530,743684249020000.0,280407,3582807,0.4154
2020-05-14,LT,EQ,862.9,858.9,879.6,841.5,879.0,871.65,857.63,6778688,581363767335000.0,212650,2742254,0.4045
2020-05-15,LT,EQ,871.65,881.95,885.0,854.0,861.25,864.4,868.05,5654025,490799150975000.0,151401,1257754,0.2225
2020-05-18,LT,EQ,864.4,869.9,870.0,810.0,816.0,813.35,827.92,6211450,514260965875000.0,189719,2270577,0.3655
2020-05-19,LT,EQ,813.35,827.1,833.8,791.7,801.0,796.35,814.75,5533176,450813905330000.0,188008,1981026,0.358
2020-05-20,LT,EQ,796.35,800.0,841.0,800.0,838.35,835.0,824.37,5950015,490499406464999.94,237183,1634280,0.2747
2020-05-21,LT,EQ,835.0,835.95,845.0,818.1,821.0,820.5,825.44,4701980,388119323425000.0,142535,1799953,0.38280000000000003
2020-05-22,LT,EQ,820.5,815.0,826.5,810.1,817.75,815.7,817.03,4609134,376581440875000.0,131973,1841457,0.3995
2020-05-26,LT,EQ,815.7,821.9,842.7,821.0,827.65,825.55,833.46,4335430,361342551385000.0,106351,1307167,0.3015
2020-05-27,LT,EQ,825.55,831.95,857.2,827.0,851.6,850.85,845.67,5159303,436306155830000.0,119231,1624353,0.3148
2020-05-28,LT,EQ,850.85,855.0,912.0,855.0,900.0,905.5,892.13,11481632,1024308905679999.9,271439,4734895,0.41240000000000004
2020-05-29,LT,EQ,905.5,893.2,937.5,891.0,930.0,932.25,920.49,10166680,935832990295000.1,222010,3582205,0.3523
2020-06-01,LT,EQ,932.25,944.65,974.15,924.0,926.05,928.15,952.14,7617393,725282782430000.0,211889,1985759,0.2607
2020-06-02,LT,EQ,928.15,935.0,953.0,913.05,944.85,945.45,935.26,7325689,685140400980000.0,172436,1447835,0.19760000000000003
2020-06-03,LT,EQ,945.45,955.95,972.85,955.0,962.0,961.3,964.16,4651583,448487836320000.0,151556,1568555,0.3372
2020-06-04,LT,EQ,961.3,961.05,968.0,928.6,931.45,930.7,941.67,5355971,504354406120000.0,160665,1443794,0.2696
2020-06-05,LT,EQ,930.7,940.0,959.9,936.6,957.55,955.25,950.73,6071134,577198026790000.0,158050,1619335,0.26670000000000005
2020-06-08,LT,EQ,955.25,979.5,995.0,949.0,958.1,961.35,966.82,9859059,953190256329999.9,272871,2994872,0.3038
2020-06-09,LT,EQ,961.35,964.5,970.25,949.7,951.0,953.3,961.35,5118269,492042905864999.94,139593,2172162,0.4244
2020-06-10,LT,EQ,953.3,957.0,959.5,935.7,946.8,946.55,944.05,5176121,488652883000000.0,156984,2408016,0.46520000000000006
2020-06-11,LT,EQ,946.55,944.0,952.0,928.2,929.55,930.45,938.21,3603243,338059348960000.0,119621,1677350,0.46549999999999997
2020-06-12,LT,EQ,930.45,890.0,929.9,890.0,924.95,926.4,906.73,5411426,490671207110000.06,155442,1522538,0.28140000000000004
2020-06-15,LT,EQ,926.4,921.8,929.45,894.1,903.95,899.9,902.43,4982534,449640620985000.06,135778,1326485,0.2662
2020-06-16,LT,EQ,899.9,920.0,924.7,891.15,894.95,895.05,900.2,4661880,419662320185000.0,129600,1732717,0.37170000000000003
2020-06-17,LT,EQ,895.05,892.7,899.75,881.1,884.5,884.8,888.97,4681399,416163425130000.0,111562,1464845,0.3129
2020-06-18,LT,EQ,884.8,876.0,900.0,874.0,897.7,896.65,887.7,5870459,521118494325000.0,139814,2027354,0.3453
2020-06-19,LT,EQ,896.65,902.0,915.9,895.1,898.0,898.2,903.43,5410276,488779528045000.0,145857,2017901,0.373
2020-06-22,LT,EQ,898.2,905.0,916.0,896.0,908.0,907.45,907.01,6841671,620544359850000.0,184502,2820252,0.4122
2020-06-23,LT,EQ,907.45,910.0,970.0,909.0,968.5,967.6,948.42,14580386,1382837897380000.0,328772,2137025,0.4326
2020-06-24,LT,EQ,967.6,979.0,989.9,952.0,965.0,955.55,969.89,11985144,1162432718595000.0,279915,3622650,0.3023
2020-06-25,LT,EQ,955.55,949.9,964.8,936.25,942.65,943.1,948.77,7508089,712343676285000.0,191257,2401360,0.31980000000000003
2020-06-26,LT,EQ,943.1,955.0,976.1,940.5,959.15,962.2,957.91,6554208,627836472280000.0,139570,1790996,0.2733
2020-06-29,LT,EQ,962.2,950.0,956.1,930.0,938.2,936.6,937.78,4575981,429124836235000.0,102948,1322951,0.2891
2020-06-30,LT,EQ,936.6,948.7,952.15,931.4,945.0,943.65,942.9,3656535,344772968740000.0,79486,1073345,0.29350000000000004
2020-07-01,LT,EQ,943.65,941.0,941.0,917.0,924.85,924.3,923.98,6426447,593789554165000.0,173840,2330701,0.3627
2020-07-02,LT,EQ,924.3,936.0,950.7,926.0,941.25,941.3,938.7,6542838,614176441125000.0,142142,2093710,0.32
2020-07-03,LT,EQ,941.3,948.0,955.4,941.6,942.0,944.25,948.88,3928373,372755069960000.0,134693,1081498,0.27530000000000004
2020-07-06,LT,EQ,944.25,953.1,959.5,946.65,951.0,951.2,952.88,3901314,371747601045000.0,99034,1527917,0.39159999999999995
2020-07-07,LT,EQ,951.2,955.0,961.9,940.0,942.9,943.6,947.15,4051823,383767969695000.0,105096,1286342,0.3175
2020-07-08,LT,EQ,943.6,944.95,964.4,938.0,939.85,941.25,949.81,5227150,496480532020000.0,155681,1808946,0.3461
2020-07-09,LT,EQ,941.25,945.0,952.0,940.0,945.2,944.95,944.99,3777810,357000187495000.0,97168,1413953,0.3743
